maxerr = 0.994019

    139.362   -28.5006   -3.70003   -1.91666   -1.85985   -16.1976    -9.6374   -2.40534   -1.42366    5.97457   -3.19141   -3.47241  -0.985889     2.9066   0.477163   0.369496    2.92363    1.42747  -0.570654   -3.28212   0.989526    2.61277     2.1594    2.53652    2.22428     2.0431    2.39959    2.13511     2.2476     2.2782    2.16512    2.28748    2.27863    2.18133
   -28.5006     522.95   -24.8131   -12.6007   -12.2559   -33.7023   -56.5869   -15.3995   -8.90074   -11.8749    17.0692   -1.70559  -0.457488    3.90928    8.30195    1.46417  -0.016884   -5.49893  0.0707903   -15.4402   -1.04382     11.356    9.91757    11.1598    10.4597    9.68899    10.5564    9.90612    10.4271    10.3513    9.61749    10.4285    9.88524     9.5679
   -3.70003   -24.8131    605.414   -37.2774   -37.6969   -5.51697   -23.1097   -44.8224   -26.2484   -2.79969    15.8445    2.33237    11.4123    1.32733    1.33374   0.681907   0.585845   -9.22376    4.77118   -26.4327   -2.09539    14.9174    14.3495    14.8905    14.9595    14.1595    15.1523    14.2558    14.5686    14.4343    12.4508    13.8652    12.9634    11.2241
   -1.91666   -12.6007   -37.2774    575.165   -105.819   -3.05955   -12.2641   -34.1335   -72.5742   -2.55278    21.5816  -0.077528     10.598 -0.0774327   -1.10583    2.94679  -0.231324   -2.97946    1.76451   -30.1421   -4.10402    13.9144    11.6117    13.9528    14.1416    11.1631    14.4394    11.0079    11.6424    13.1857    7.53563    12.2371    10.3496    5.65781
   -1.85985   -12.2559   -37.6969   -105.818    402.478   -2.97989   -12.7528   -36.8534    -97.861   -2.25915    40.9031  -0.160951   -2.14739  -0.237894     1.7761    14.5108  -0.858948   -23.8827    1.85783   -34.7407   -16.2606    12.2735    6.22371    12.7675    13.1714    4.24625    13.1831    3.11887    4.85567    10.0928   -4.78521    9.69691    5.93612   -5.77908
   -16.1976   -33.7023   -5.51698    -3.0596   -2.98003     155.17   -16.4603   -3.84956   -2.20381    2.91681   -1.37314   0.881153    1.71611    6.62924  -0.232362   -0.23666   -14.9419    11.3152   0.250006    -6.2101    1.67978    2.20994    3.39775    3.98555    3.68343    3.39585    3.70227    3.44714    3.58888    3.55955    3.36741    3.58304    3.44705    3.36869
    -9.6374   -56.5869   -23.1097   -12.2641   -12.7528   -16.4603    311.935   -18.1346   -10.2794   -2.81879    11.3783    2.45451   -2.94021   0.163863   0.669226  -0.213425   -4.77609    8.06183    2.25293   -14.3406   -2.52855    6.41218    7.69555    8.17424    8.51208    8.36501       8.56    8.60577    8.52116    8.30347    7.63883     8.0792    7.75819    7.01813
   -2.40534   -15.3995   -44.8224   -34.1334   -36.8535   -3.84955   -18.1346    312.715   -30.2565   -2.81016    11.6983  -0.607861    14.7027  -0.690137   -1.08373    1.91103    0.06673   -12.0614    1.91954   -17.1825  -0.586973    6.50271    7.48144    8.61186    9.02656    8.63687    9.66849    8.15059    9.12096    9.15791    6.78444     8.3129    7.10177    5.42276
   -1.42366   -8.90076   -26.2484   -72.5742   -97.8615   -2.20376   -10.2794   -30.2565    285.352   -2.17841    20.8794  -0.122543    20.8521  -0.033592    0.25067    5.95983  -0.378259    -35.962    1.57934   -20.3473   -5.71277    5.64254     4.9184    7.72794    8.24581    5.33816    8.55885    4.85647    5.15304    7.55027    1.57261    6.48675    4.81312  -0.244581
    5.97457   -11.8749   -2.79969   -2.55278   -2.25913    2.91681    -2.8188   -2.81016   -2.17841    325.967   -177.277   -1.47343    8.77852    63.1329   -7.47285  -0.492857   -5.34154   -25.7508   -6.24766   -12.6928    9.54715    1.13241   -6.40259    1.16842    6.43762    0.86492   -2.72316   -1.57336    1.61529    1.94744   -2.45825    1.43749   -3.68819     1.4833
    -3.1914    17.0692    15.8445    21.5815    40.9032   -1.37316    11.3783    11.6983    20.8793   -177.277    705.326   -5.19654    223.053    5.69002    41.9213     69.463   0.585875    31.5551    6.85933    65.3538   -61.3731     2.7778    7.44699   -8.20136   -9.80816    10.6179    11.8232   -36.5042   -27.3994    16.2267    7.48202   -6.14025   -4.88006   -10.8158
   -3.47241   -1.70559    2.33237 -0.0775351  -0.160975   0.881152    2.45451  -0.607863   -0.12255   -1.47343   -5.19653    1905.12   -197.917    103.532    34.7166    -9.7838    116.073    109.127    134.534     53.895    2.03178   0.893607   -2.29736  -0.323875  -0.303091   -1.49407   0.074894  -0.919245    4.03453   -1.44571   -2.43597    2.43402  -0.499437    2.72893
  -0.985891  -0.457494    11.4123    10.5976   -2.14834    1.71591   -2.94021    14.7027    20.8517    8.77849    223.053   -197.917    933.054    81.9197    101.749    181.937    59.7835    262.537    81.3746    152.739   -125.797   -3.46842   -7.57159    10.2569   -6.08006    9.03745    13.8183   -18.4074    5.16509    10.6362   -12.0475    12.2233    1.86947   -7.92408
    2.90661    3.90927    1.32732 -0.0774232  -0.237855    6.62925   0.163861  -0.690138 -0.0335827    63.1329    5.69002    103.532    81.9198    1745.64   -61.3177    6.40198    2.25541   -16.8941   -16.6159     6.5656   -50.9577    6.30272   -8.37547   -1.95561    8.47683    3.01892    1.62818   0.131459    1.77889    6.76467  -0.790449    2.50885   -1.55644    1.71104
   0.477162    8.30194    1.33374   -1.10583    1.77612  -0.232366   0.669225   -1.08374    0.25066   -7.47285    41.9213    34.7166    101.749   -61.3177    1026.56    25.4835   -8.55126    51.4375    33.6778    20.1167   -29.2587    8.84882    4.28811   -7.83797    4.61484    6.92818   -1.21897    12.8582      4.469   -20.5024    5.61804    8.12007     -5.618    19.6783
   0.369493    1.46415   0.681839    2.94642    14.5098  -0.236788  -0.213442    1.91095    5.95945  -0.492883    69.4632    -9.7838    181.938    6.40191    25.4835    100.235  -0.307323    70.6257     5.3433    53.8345   -39.6364    -3.9175    1.79572   0.810194  -0.174794   0.405606   0.699403    1.36316 -0.0318215    1.42537    4.45481   -5.10315    1.76839  -0.921454
    2.92362 -0.0168846   0.585844  -0.231326  -0.858965   -14.9419   -4.77609  0.0667291  -0.378262   -5.34154   0.585878    116.073    59.7835    2.25542   -8.55126  -0.307316    1166.15   -12.7435   -70.1126    3.38002    1.92049 -0.0489681     2.7559    3.16559    2.96527    4.18084    5.46066    8.12296    3.58246  -0.661512    1.05425   -1.00029  -0.484329   -1.21002
    1.42747   -5.49893   -9.22374   -2.97935   -23.8828    11.3152    8.06183   -12.0614   -35.9619   -25.7508     31.555    109.127    262.537   -16.8941    51.4375    70.6258   -12.7435    3620.91   -54.9422   -143.883   -10.4822    2.41181    20.7893    9.50412   -13.5198    -39.908   -45.1987    26.1355    55.3675     13.507   0.741827    12.6775    39.3029    26.7189
  -0.570654  0.0707896    4.77118     1.7645    1.85782   0.250006    2.25293    1.91954    1.57934   -6.24766    6.85933    134.534    81.3746   -16.6159    33.6778    5.34331   -70.1126   -54.9422    737.564   -52.9762   -4.65806    8.64345    7.69687    7.95371    10.1599    8.94297    11.2601  0.0449939   -6.41654   0.542207   -2.98476   -3.35472   -3.07785   -3.97174
   -3.28212   -15.4402   -26.4327   -30.1421   -34.7407   -6.21011   -14.3406   -17.1825   -20.3474   -12.6928    65.3538     53.895    152.739     6.5656    20.1167    53.8345    3.38002   -143.883   -52.9762    2030.59    7.73782   -18.3832   -23.5972   -14.6206    4.80621   -8.99187   -3.33341    29.8236   -32.0844   -40.9475   -3.94333   -18.9972   -24.3665   -19.9625
   0.989525   -1.04381   -2.09536   -4.10396   -16.2612    1.67971   -2.52854  -0.586944   -5.71271    9.54716    -61.373    2.03178   -125.798   -50.9577   -29.2587   -39.6368    1.92048   -10.4823   -4.65807    7.73782     96.435   -3.31841   -0.25145   -5.59557   -4.77154    5.30707 -0.0543594  -0.384514    0.50191    2.64307    1.40965     2.0519    -2.5864   -5.13408
    2.61206    11.3427    14.8372    13.6981     11.703    2.20521    6.39439    6.44116    5.46493    1.17373    3.45445   0.921993   -3.00419     6.3034    8.63998   -3.87399 -0.0920054    1.11528    8.59942   -18.5269   -3.17154    154.045   -45.9097    3.89152    3.06835    1.44515   0.397522   0.277413  0.0830336 -0.0467692   0.225535  -0.107008 -0.0165263   0.152891
    2.15991     9.9146     14.279    11.4036    5.64653    3.39853     7.6777    7.41806    4.73023   -6.36618    7.81445   -2.32044   -7.37532   -8.34009    4.05085    1.65348    2.74045    20.4346    7.68813   -23.5081  -0.795883   -45.9097    154.496   -45.9273    4.32601    2.00345    1.54022  -0.561195   -0.38178   0.116243   -1.45438   0.321483  -0.121188   -1.00992
    2.53494    11.1451    14.8146    13.7301    12.1354    3.98355    8.14819    8.52519    7.48232    1.18788    -7.7746  -0.311414    10.9595   -1.90848    -8.0518   0.885217    3.14216    8.13531    7.91826   -14.7252   -5.68126    3.89152   -45.9273    154.721   -44.7054    5.00917    3.27469    1.40682   0.469752    0.11002   0.163301 -0.0786072 -0.0256162  0.0697293
    2.22454    10.4573    14.8971    13.9663    12.6817     3.6843    8.48658    8.94778    8.03114    6.50082   -9.31456  -0.294206   -5.28293    8.48171    4.36917  -0.200425     2.9252   -14.7066    10.1465    4.53107   -4.83894    3.06835    4.32601   -44.7054    152.824   -43.5525    4.54699    3.38536    1.23535   0.355025   0.288848 -0.0980834 -0.0377478  0.0912606
    2.04343    9.68953    14.0987    10.9722    3.70417    3.39873    8.34682     8.5703    5.14519   0.916516    10.8623   -1.52671    9.13674    3.00133    6.73206   0.194254    4.18945   -39.7289    8.93462   -9.01784    4.78168    1.44515    2.00345    5.00917   -43.5525    153.087   -45.1896    2.96796    2.24613    1.26297   -1.85654   0.605156  -0.137912   -1.55847
    2.39963    10.5457    15.0749    14.2055    12.5165    3.70137    8.52978    9.57013    8.27491   -2.68568    12.2974   0.121663    14.3578    1.57922   -1.48012    0.88857    5.42474   -46.3874    11.2319   -3.64234   0.111844   0.397522    1.54022    3.27469    4.54699   -45.1896     155.26   -44.2558    4.80337    3.04013    1.35141   0.213321  0.0896502   0.132911
    2.13439    9.90016    14.1767    10.7582    2.40851    3.44845    8.58068    8.06438     4.5947   -1.52289   -36.3375  -0.943333   -18.2047   0.127866     12.629    1.29255    8.09684    26.0452   0.062888    29.7677  -0.841255   0.277413  -0.561195    1.40682    3.38536    2.96796   -44.2558    151.521   -44.0999    4.99527   0.627133    1.52692   0.165748   -1.64526
    2.24467    10.4119    14.4777    11.3637    4.08358    3.58675    8.49055    9.01341    4.85075     1.6677   -26.6758    4.03158    5.40538     1.7822    4.17503 -0.0370071     3.5697    54.4618   -6.44618   -32.2431   0.392486  0.0830336   -0.38178   0.469752    1.23535    2.24613    4.80337   -44.0999    150.404   -43.0528    2.87917    2.98944   0.958003  -0.878232
     2.2769    10.3412    14.3647    12.9777    9.53183    3.55794    8.27609    9.06925    7.29614    2.00239    16.7819   -1.42422    11.3875    6.74058   -20.7435    1.60703    -0.6966    11.9306   0.520273   -41.2836     2.7126 -0.0467692   0.116243    0.11002   0.355025    1.26297    3.04013    4.99527   -43.0528    151.864   -44.5025    3.01313     2.5831    0.74423
    2.16495    9.61513    12.4092    7.40269   -5.13759     3.3698    7.62902    6.74954    1.46404    -2.4498    7.49807   -2.45282   -11.9955  -0.787048    5.55338    4.23726    1.04319    1.22191   -3.00045   -3.95884   0.944904   0.225535   -1.45438   0.163301   0.288848   -1.85654    1.35141   0.627133    2.87917   -44.5025    150.468   -46.4661      2.683  -0.584205
    2.28425    10.4091    13.7806    12.0018    9.07407    3.57823    8.04421    8.21066    6.21081    1.49113   -5.14892    2.44969    12.8195    2.49984    7.89319   -5.02549   -1.05403    11.1267   -3.38371   -19.5696    2.25337  -0.107008   0.321483 -0.0786072 -0.0980834   0.605156   0.213321    1.52692    2.98944    3.01313   -46.4661    153.016   -46.3987    3.18246
    2.27863    9.87932    12.9218    10.2471    5.70121    3.44658    7.73917     7.0546    4.69408    -3.6646   -4.42895  -0.512192    2.54589   -1.54858   -5.84184    1.84276  -0.494613     38.181   -3.08887   -24.6971   -2.59925 -0.0165263  -0.121188 -0.0256162 -0.0377478  -0.137912  0.0896502   0.165748   0.958003     2.5831      2.683   -46.3987    151.673   -47.1713
     2.1807    9.56384    11.1981    5.57617   -5.98705    3.36957    7.01266    5.40427  -0.300358    1.49681   -11.1565    2.74557   -7.91394    1.74735    19.5414  -0.916998   -1.25445    27.1798   -4.01591   -19.7992   -5.43461   0.152891   -1.00992  0.0697293  0.0912606   -1.55847   0.132911   -1.64526  -0.878232    0.74423  -0.584205    3.18246   -47.1713    149.133

          0 2.6094e-010 5.57756e-008 5.57929e-007 5.13393e-007 1.815e-008 3.43402e-009 7.9916e-008 7.52593e-007 -4.14752e-007 -8.60771e-008 1.11919e-007 6.25186e-007 -2.18815e-006 1.20597e-006 3.89008e-006 9.34395e-007 -6.14925e-007 4.52788e-007 -1.9137e-007 3.94997e-007 0.000135021 -0.00011735 0.000310865 -5.89475e-005 -8.11741e-005 -8.53851e-006 0.000168023 0.000653205 0.000285169 3.88187e-005 0.000705662 2.78698e-007 0.000145401
 -2.6094e-010          0 2.16339e-008 4.41629e-007 -2.19518e-007 6.05928e-008 8.76298e-010 4.86565e-008 6.60811e-007 3.27333e-007 -2.32138e-008 1.3309e-007 6.9121e-006 1.03161e-006 5.99323e-008 5.14779e-006 1.80805e-005 -9.8107e-008 4.73583e-006 2.65572e-008 -3.40832e-006 0.00058571 0.000149806   0.000662 0.000116602 -2.80755e-005 0.000506106 0.000300891 0.000732628 0.000491967 0.000122425 0.000934574 0.000299658 0.000212439
 -5.57756e-008 -2.16339e-008          0 3.76911e-007 -8.54725e-007 1.21991e-006 -2.68885e-008 8.33183e-009 5.60931e-007 5.17998e-007 5.8489e-007 3.96636e-007 2.03559e-006 9.67261e-007 5.09907e-007 5.03845e-005 7.70073e-007 -9.83336e-007 1.62678e-007 7.96317e-008 -5.35856e-006 0.00269342 0.00246042 0.00255546 0.00209059 0.00215297 0.00256127 0.00278014 0.00313007 0.00241639 0.00167155  0.0030601 0.00160856 0.00116132
 -5.57929e-007 -4.41629e-007 -3.76911e-007          0 -2.1826e-006 7.06011e-006 -5.35911e-007 -4.31376e-007 3.50624e-009 5.37716e-007 2.13289e-006 4.57539e-005 1.7701e-005 -6.04624e-005 3.76247e-006 6.17233e-005 4.96404e-006 -1.77953e-005 1.6826e-006 5.94968e-007 -7.5109e-006 0.00783164 0.00904302 0.00804529  0.0062391 0.00862343 0.00816554  0.0114713  0.0121132  0.0079523 0.00889872 0.00970622 0.00498026 0.00726713
 -5.13393e-007 2.19518e-007 8.54725e-007 2.1826e-006          0 2.24202e-005 4.04464e-007 1.11306e-006 2.57124e-006 -6.09529e-006 -2.22856e-006 7.53258e-005 0.000220889 -8.35407e-005 -4.96644e-006 3.40368e-005 9.58084e-006 3.04784e-006 4.02472e-006 1.46862e-007 2.00296e-005  0.0237936  0.0486195  0.0253803  0.0189398  0.0681743  0.0259365   0.128493  0.0863618  0.0285821  0.0355079  0.0331791  0.0201838  0.0176733
 -1.815e-008 -6.05928e-008 -1.21991e-006 -7.06011e-006 -2.24202e-005          0 -1.32057e-007 -1.93709e-006 -9.92816e-006 -7.62231e-007 5.62171e-006 8.20211e-007 5.81757e-005 -9.40159e-007 8.30321e-006 0.000269461 2.41261e-008 -3.38376e-007 1.48538e-006 8.21947e-007 2.09693e-005 0.00107147 -0.000113857 0.000251885 -0.00011723 -0.000423502 0.000121707 -0.000190804 0.000297165 0.00022571 -0.000354828 0.000671566 6.86544e-005 -0.000130205
 -3.43402e-009 -8.76298e-010 2.68885e-008 5.35911e-007 -4.04464e-007 1.32057e-007          0 4.62764e-008 6.48174e-007 2.31242e-007 1.1513e-007 1.21095e-007 8.80189e-007 4.16379e-006 6.64261e-007 3.94942e-005 6.3499e-008 -1.67472e-007 1.30529e-007 3.29906e-008 -1.43351e-006 0.00138887 0.00116097 0.00159587 0.00150019 0.00108867 0.00176819 0.00145987 0.00179884 0.00165159 0.000642137 0.00217049 0.00122739 0.000389773
 -7.9916e-008 -4.86565e-008 -8.33183e-009 4.31376e-007 -1.11306e-006 1.93709e-006 -4.62764e-008          0 4.89987e-007 2.7381e-007 1.03288e-006 1.78603e-006 1.80628e-006 7.32695e-007 8.35624e-007 2.02222e-005 6.80683e-006 -6.94261e-007 4.34293e-007 2.30049e-007 -2.45043e-005 0.00475489 0.00425335 0.00505732 0.00438276 0.00386852 0.00511272 0.00531608 0.00593068 0.00486392 0.00257851 0.00618723 0.00333194 0.00170773
 -7.52593e-007 -6.60811e-007 -5.60931e-007 -3.50624e-009 -2.57124e-006 9.92816e-006 -6.48174e-007 -4.89987e-007          0 5.14947e-007 2.4732e-006 3.13656e-005 9.19625e-006 -0.0001359 1.93724e-005 3.19542e-005 3.6874e-006 -4.85675e-007 1.83574e-006 1.5582e-006 -5.31639e-006  0.0159888  0.0195003  0.0161474  0.0131876  0.0184055  0.0168666   0.027694  0.0302136  0.0171157   0.035743  0.0217297  0.0125207   0.102166
 4.14752e-007 -3.27333e-007 -5.17998e-007 -5.37716e-007 6.09529e-006 7.62231e-007 -2.31242e-007 -2.7381e-007 -5.14947e-007          0 -7.45496e-009 -4.03222e-008 1.5502e-006 1.54007e-008 -1.57779e-007 2.67958e-005 -4.16182e-007 5.18018e-008 -2.90322e-008 3.56018e-008 -3.94093e-007  -0.017911 -0.00285179 -0.0082559 -0.00488436 -0.0289468 -0.00692919 -0.0162964  -0.015959 -0.0139097 -0.00172078 -0.0183092 -0.00320667 -0.00452976
 8.60771e-008 2.32138e-008 -5.8489e-007 -2.13289e-006 2.22856e-006 -5.62171e-006 -1.1513e-007 -1.03288e-006 -2.4732e-006 7.45496e-009          0 -8.92165e-007 -5.06442e-007 5.41503e-007 -2.53394e-009 -1.36195e-006 -2.30497e-006 1.02681e-006 -2.66555e-007 1.52144e-007 -9.79374e-007  -0.108555 -0.0240758 -0.0267108 -0.0258108 -0.0113746 -0.0196568 -0.00228933 -0.0133816 -0.0168183 -0.00107119 -0.0878055  -0.048454  0.0155044
 -1.11919e-007 -1.3309e-007 -3.96636e-007 -4.57539e-005 -7.53258e-005 -8.20211e-007 -1.21095e-007 -1.78603e-006 -3.13656e-005 4.03222e-008 8.92165e-007          0 4.28168e-008 -3.80503e-009 2.22112e-009 2.64294e-007 -4.06998e-010 2.08943e-009 -3.29299e-010 2.93023e-008 1.1924e-006 -0.0156257 0.00499711 -0.0195837 -0.0148506   0.010803  -0.236737  0.0129255 0.000365485 -0.00748822 0.00344508 -0.00320682  0.0125952 -0.00303815
 -6.25186e-007 -6.9121e-006 -2.03559e-006 -1.7701e-005 -0.000220889 -5.81757e-005 -8.80189e-007 -1.80628e-006 -9.19625e-006 -1.5502e-006 5.06442e-007 -4.28168e-008          0 -3.52053e-007 -1.43195e-008 -1.40861e-006 -1.18962e-007 -1.56653e-007 -1.26306e-007 -4.91845e-008 1.90287e-006 -0.0717108 -0.0131301 -0.0331122 -0.0701447 -0.00546324 -0.0191452 -0.00553763 -0.0227296 -0.0341123 -0.00216596 -0.0238062  -0.153162 -0.000640338
 2.18815e-006 -1.03161e-006 -9.67261e-007 6.04624e-005 8.35407e-005 9.40159e-007 -4.16379e-006 -7.32695e-007  0.0001359 -1.54007e-008 -5.41503e-007 3.80503e-009 3.52053e-007          0 -1.98561e-008 5.32845e-006 -6.61178e-007 8.25258e-008 1.24531e-008 1.81695e-007 -1.19164e-007 -5.38938e-005 -0.00211683 -0.0121941 -0.000287663 0.00292071  0.0152619  0.0138011 -0.000931093 0.00178369 -0.00215492 0.00179901 -0.0025302 -0.0104964
 -1.20597e-006 -5.99323e-008 -5.09907e-007 -3.76247e-006 4.96644e-006 -8.30321e-006 -6.64261e-007 -8.35624e-007 -1.93724e-005 1.57779e-007 2.53394e-009 -2.22112e-009 1.43195e-008 1.98561e-008          0 -2.3449e-008 -1.02631e-008 1.13635e-008 -1.25316e-008 -1.32624e-008 -1.5071e-007  0.0119403  0.0284484   0.013456  0.0273429  0.0143558  0.0967205 0.00898932  0.0340043 0.00584357 0.00578735  0.0141673  0.0195311 0.00349081
 -3.89008e-006 -5.14779e-006 -5.03845e-005 -6.17233e-005 -3.40368e-005 -0.000269461 -3.94942e-005 -2.02222e-005 -3.19542e-005 -2.67958e-005 1.36195e-006 -2.64294e-007 1.40861e-006 -5.32845e-006 2.3449e-008          0 -1.1115e-005 -6.49842e-007 -9.20882e-007 2.80541e-007 5.87939e-006 -0.00558347  0.0412255 -0.0442246  0.0681274   0.351749   -0.11905  0.0265781  0.0742615 -0.0598877  0.0250261 -0.00766693  -0.020587 -0.00242222
 -9.34395e-007 -1.80805e-005 -7.70073e-007 -4.96404e-006 -9.58084e-006 -2.41261e-008 -6.3499e-008 -6.80683e-006 -3.6874e-006 4.16182e-007 2.30497e-006 4.06998e-010 1.18962e-007 6.61178e-007 1.02631e-008 1.1115e-005          0 -1.1607e-007 -1.4109e-009 4.15761e-008 1.78319e-006   0.303136 0.00281123 0.00371245 0.00680066 -0.00102931 0.00329949 0.00161045 0.00178367  0.0258174 0.00527278  0.0261491  0.0104942  0.0180213
 6.14925e-007 9.8107e-008 9.83336e-007 1.77953e-005 -3.04784e-006 3.38376e-007 1.67472e-007 6.94261e-007 4.85675e-007 -5.18018e-008 -1.02681e-006 -2.08943e-009 1.56653e-007 -8.25258e-008 -1.13635e-008 6.49842e-007 1.1607e-007          0 3.53506e-009 -1.72349e-007 3.738e-006   0.367487 0.00860422  0.0775951  0.0420446 -0.00224872  0.0129783 0.00173165 0.00824626  0.0619708  -0.244348  0.0651415   0.014479 -0.00855191
 -4.52788e-007 -4.73583e-006 -1.62678e-007 -1.6826e-006 -4.02472e-006 -1.48538e-006 -1.30529e-007 -4.34293e-007 -1.83574e-006 2.90322e-008 2.66555e-007 3.29299e-010 1.26306e-007 -1.24531e-008 1.25316e-008 9.20882e-007 1.4109e-009 -3.53506e-009          0 9.40788e-009 8.41948e-007  0.0025534 0.000568276 0.00223343 0.000661723 0.000466787 0.00125414  -0.164345 0.00230388  0.0206245 0.00262124 0.00430196 0.00178706 0.00552837
 1.9137e-007 -2.65572e-008 -7.96317e-008 -5.94968e-007 -1.46862e-007 -8.21947e-007 -3.29906e-008 -2.30049e-007 -1.5582e-006 -3.56018e-008 -1.52144e-007 -2.93023e-008 4.91845e-008 -1.81695e-007 1.32624e-008 -2.80541e-007 -4.15761e-008 1.72349e-007 -9.40788e-009          0 2.6421e-007 0.00389117 -0.00189271  0.0035648  0.0294643 0.00144199  0.0442802 0.00093814 0.00246724 0.00408722 0.00196152  0.0148413 0.00673807 -0.0041065
 -3.94997e-007 3.40832e-006 5.35856e-006 7.5109e-006 -2.00296e-005 -2.09693e-005 1.43351e-006 2.45043e-005 5.31639e-006 3.94093e-007 9.79374e-007 -1.1924e-006 -1.90287e-006 1.19164e-007 1.5071e-007 -5.87939e-006 -1.78319e-006 -3.738e-006 -8.41948e-007 -2.6421e-007          0 -0.0226266   0.519332 0.00759822 0.00701215  0.0520712  -0.994019   0.372312   0.122207 -0.0129794   0.197298 -0.0467847 0.00247666  0.0284323
 -0.000135021 -0.00058571 -0.00269342 -0.00783164 -0.0237936 -0.00107147 -0.00138887 -0.00475489 -0.0159888   0.017911   0.108555  0.0156257  0.0717108 5.38938e-005 -0.0119403 0.00558347  -0.303136  -0.367487 -0.0025534 -0.00389117  0.0226266          0 -1.15681e-012 -5.95104e-010 3.67168e-010 1.66215e-009 6.28232e-009 1.20942e-008 -2.30866e-008 7.68424e-009 1.99137e-008 5.78741e-008 1.7255e-007 -3.27794e-008
 0.00011735 -0.000149806 -0.00246042 -0.00904302 -0.0486195 0.000113857 -0.00116097 -0.00425335 -0.0195003 0.00285179  0.0240758 -0.00499711  0.0131301 0.00211683 -0.0284484 -0.0412255 -0.00281123 -0.00860422 -0.000568276 0.00189271  -0.519332 1.15681e-012          0 1.26799e-012 4.11216e-010 -3.37032e-009 -5.47559e-010 -9.98143e-010 -9.00305e-010 2.72144e-009 -2.3874e-010 1.65769e-008 1.27581e-008 1.71852e-009
 -0.000310865  -0.000662 -0.00255546 -0.00804529 -0.0253803 -0.000251885 -0.00159587 -0.00505732 -0.0161474  0.0082559  0.0267108  0.0195837  0.0331122  0.0121941  -0.013456  0.0442246 -0.00371245 -0.0775951 -0.00223343 -0.0035648 -0.00759822 5.95104e-010 -1.26799e-012          0 6.74789e-011 -2.32304e-010 4.9299e-010 -1.50689e-009 1.7461e-010 -2.537e-008 -1.71748e-008 8.51538e-009 1.28303e-008 5.53207e-008
 5.89475e-005 -0.000116602 -0.00209059 -0.0062391 -0.0189398 0.00011723 -0.00150019 -0.00438276 -0.0131876 0.00488436  0.0258108  0.0148506  0.0701447 0.000287663 -0.0273429 -0.0681274 -0.00680066 -0.0420446 -0.000661723 -0.0294643 -0.00701215 -3.67168e-010 -4.11216e-010 -6.74789e-011          0 5.62678e-011 5.10842e-010 -3.9307e-010 -2.80531e-009 -9.36051e-010 9.36602e-009 -2.00037e-008 -1.30756e-007 -6.64848e-009
 8.11741e-005 2.80755e-005 -0.00215297 -0.00862343 -0.0681743 0.000423502 -0.00108867 -0.00386852 -0.0184055  0.0289468  0.0113746  -0.010803 0.00546324 -0.00292071 -0.0143558  -0.351749 0.00102931 0.00224872 -0.000466787 -0.00144199 -0.0520712 -1.66215e-009 3.37032e-009 2.32304e-010 -5.62678e-011          0 -2.93717e-011 -4.34274e-010 -3.09579e-010 1.43768e-009 -5.771e-010 -4.01676e-009 -3.09135e-008 2.35812e-009
 8.53851e-006 -0.000506106 -0.00256127 -0.00816554 -0.0259365 -0.000121707 -0.00176819 -0.00511272 -0.0168666 0.00692919  0.0196568   0.236737  0.0191452 -0.0152619 -0.0967205    0.11905 -0.00329949 -0.0129783 -0.00125414 -0.0442802   0.994019 -6.28232e-009 5.47559e-010 -4.9299e-010 -5.10842e-010 2.93717e-011          0 5.53471e-011 -1.66178e-010 5.88528e-010 4.55423e-009 5.2252e-009 -2.09103e-009 4.2885e-009
 -0.000168023 -0.000300891 -0.00278014 -0.0114713  -0.128493 0.000190804 -0.00145987 -0.00531608  -0.027694  0.0162964 0.00228933 -0.0129255 0.00553763 -0.0138011 -0.00898932 -0.0265781 -0.00161045 -0.00173165   0.164345 -0.00093814  -0.372312 -1.20942e-008 9.98143e-010 1.50689e-009 3.9307e-010 4.34274e-010 -5.53471e-011          0 7.92563e-011 -2.84256e-010 -4.53927e-010 -2.60382e-009 8.96275e-009 -1.22515e-009
 -0.000653205 -0.000732628 -0.00313007 -0.0121132 -0.0863618 -0.000297165 -0.00179884 -0.00593068 -0.0302136   0.015959  0.0133816 -0.000365485  0.0227296 0.000931093 -0.0340043 -0.0742615 -0.00178367 -0.00824626 -0.00230388 -0.00246724  -0.122207 2.30866e-008 9.00305e-010 -1.7461e-010 2.80531e-009 3.09579e-010 1.66178e-010 -7.92563e-011          0 1.69413e-011 2.46041e-010 3.97792e-010 -8.19492e-011 -4.00973e-009
 -0.000285169 -0.000491967 -0.00241639 -0.0079523 -0.0285821 -0.00022571 -0.00165159 -0.00486392 -0.0171157  0.0139097  0.0168183 0.00748822  0.0341123 -0.00178369 -0.00584357  0.0598877 -0.0258174 -0.0619708 -0.0206245 -0.00408722  0.0129794 -7.68424e-009 -2.72144e-009 2.537e-008 9.36051e-010 -1.43768e-009 -5.88528e-010 2.84256e-010 -1.69413e-011          0 7.96251e-011 -4.38933e-010 -4.50669e-010 2.34412e-009
 -3.88187e-005 -0.000122425 -0.00167155 -0.00889872 -0.0355079 0.000354828 -0.000642137 -0.00257851  -0.035743 0.00172078 0.00107119 -0.00344508 0.00216596 0.00215492 -0.00578735 -0.0250261 -0.00527278   0.244348 -0.00262124 -0.00196152  -0.197298 -1.99137e-008 2.3874e-010 1.71748e-008 -9.36602e-009 5.771e-010 -4.55423e-009 4.53927e-010 -2.46041e-010 -7.96251e-011          0 1.07176e-010 -2.24747e-011 8.64473e-009
 -0.000705662 -0.000934574 -0.0030601 -0.00970622 -0.0331791 -0.000671566 -0.00217049 -0.00618723 -0.0217297  0.0183092  0.0878055 0.00320682  0.0238062 -0.00179901 -0.0141673 0.00766693 -0.0261491 -0.0651415 -0.00430196 -0.0148413  0.0467847 -5.78741e-008 -1.65769e-008 -8.51538e-009 2.00037e-008 4.01676e-009 -5.2252e-009 2.60382e-009 -3.97792e-010 4.38933e-010 -1.07176e-010          0 9.70553e-011 -7.3638e-010
 -2.78698e-007 -0.000299658 -0.00160856 -0.00498026 -0.0201838 -6.86544e-005 -0.00122739 -0.00333194 -0.0125207 0.00320667   0.048454 -0.0125952   0.153162  0.0025302 -0.0195311   0.020587 -0.0104942  -0.014479 -0.00178706 -0.00673807 -0.00247666 -1.7255e-007 -1.27581e-008 -1.28303e-008 1.30756e-007 3.09135e-008 2.09103e-009 -8.96275e-009 8.19492e-011 4.50669e-010 2.24747e-011 -9.70553e-011          0 -2.64179e-011
 -0.000145401 -0.000212439 -0.00116132 -0.00726713 -0.0176733 0.000130205 -0.000389773 -0.00170773  -0.102166 0.00452976 -0.0155044 0.00303815 0.000640338  0.0104964 -0.00349081 0.00242222 -0.0180213 0.00855191 -0.00552837  0.0041065 -0.0284323 3.27794e-008 -1.71852e-009 -5.53207e-008 6.64848e-009 -2.35812e-009 -4.2885e-009 1.22515e-009 4.00973e-009 -2.34412e-009 -8.64473e-009 7.3638e-010 2.64179e-011          0
