    unsorted:	 164.6892978 166.8517394 182.2949838 188.9882837 128.1598688 144.3083540 123.8379913 210.9688611 225.8722644 236.7717427 244.7873337 244.4359957 103.9280514 89.39047396 81.72686621 72.76188441 74.95801641 51.52260972 304.6653345 24.35827066 334.3011813 442.6156204 538.8683599 586.3368068 614.8857491 639.9204195 718.2072494 928.1473622 1199.594095 1147.156637 1737.750654 1989.351307 2074.946929 3669.235737
      sorted:	 24.35827066 51.52260972 72.76188441 74.95801641 81.72686621 89.39047396 103.9280514 123.8379913 128.1598688 144.3083540 164.6892978 166.8517394 182.2949838 188.9882837 210.9688611 225.8722644 236.7717427 244.4359957 244.7873337 304.6653345 334.3011813 442.6156204 538.8683599 586.3368068 614.8857491 639.9204195 718.2072494 928.1473622 1147.156637 1199.594095 1737.750654 1989.351307 2074.946929 3669.235737
